x <- c(2, 4, 5)
b <- c(3,4,5)

x - b
x * b
